58
0 A
1 B
2 C
3 D
4 E
5 F
6 G
7 H
8 I
9 J
10 K
11 L
12 M
13 N
14 O
15 P
16 Q
17 R
18 S
19 T
20 U
21 V
22 W
23 X
24 Y
25 Z
26 [
27 \
28 ]
29 ^
30 _
31 `
32 a
33 b
34 c
35 d
36 e
37 f
38 g
39 h
40 i
41 j
42 k
43 l
44 m
45 n
46 o
47 p
48 q
49 r
50 s
51 t
52 u
53 v
54 w
55 x
56 y
57 z
1653
0 1 2855
0 2 6888
0 3 5941
0 4 2294
0 5 8335
0 6 10640
0 7 9878
0 8 2035
0 9 5930
0 10 3002
0 11 6745
0 12 7082
0 13 6743
0 14 7509
0 15 6158
0 16 5362
0 17 8232
0 18 4901
0 19 3764
0 20 4689
0 21 2277
0 22 5475
0 23 4159
0 24 8626
0 25 9478
0 26 1981
0 27 7463
0 28 6653
0 29 7420
0 30 7168
0 31 1148
0 32 10511
0 33 6838
0 34 8686
0 35 5738
0 36 7662
0 37 6392
0 38 6448
0 39 9725
0 40 9434
0 41 1899
0 42 1638
0 43 7362
0 44 9084
0 45 11628
0 46 8741
0 47 4637
0 48 7507
0 49 5072
0 50 1081
0 51 3278
0 52 7257
0 53 10021
0 54 4813
0 55 6872
0 56 2263
0 57 6993
1 2 4072
1 3 6492
1 4 2580
1 5 7120
1 6 9342
1 7 8311
1 8 4818
1 9 4456
1 10 4187
1 11 5754
1 12 4288
1 13 5681
1 14 4704
1 15 3304
1 16 6847
1 17 9433
1 18 4782
1 19 5424
1 20 4742
1 21 2605
1 22 2745
1 23 4050
1 24 9348
1 25 8448
1 26 4731
1 27 5825
1 28 8115
1 29 8272
1 30 7071
1 31 1781
1 32 9055
1 33 7497
1 34 8788
1 35 7038
1 36 9164
1 37 4870
1 38 6579
1 39 9484
1 40 7652
1 41 4447
1 42 3881
1 43 8136
1 44 8488
1 45 10430
1 46 9704
1 47 3201
1 48 6531
1 49 2291
1 50 2205
1 51 3728
1 52 4510
1 53 9571
1 54 4611
1 55 4975
1 56 5028
1 57 4140
2 3 8321
2 4 5752
2 5 6361
2 6 7980
2 7 6646
2 8 8884
2 9 4357
2 10 7217
2 11 5815
2 12 309
2 13 5658
2 14 641
2 15 986
2 16 9550
2 17 11516
2 18 6412
2 19 8507
2 20 6576
2 21 5789
2 22 1497
2 23 6030
2 24 10881
2 25 7690
2 26 8637
2 27 4720
2 28 10630
2 29 10105
2 30 7990
2 31 5852
2 32 7463
2 33 9238
2 34 9621
2 35 9533
2 36 11610
2 37 4439
2 38 7905
2 39 9740
2 40 5707
2 41 8246
2 42 7595
2 43 9901
2 44 8401
2 45 9087
2 46 11482
2 47 4121
2 48 6341
2 49 1822
2 50 6265
2 51 6379
2 52 725
2 53 9515
2 54 6221
2 55 3725
2 56 8935
2 57 670
3 4 4085
3 5 4584
3 6 6420
3 7 6387
3 8 6972
3 9 4222
3 10 2949
3 11 3377
3 12 8290
3 13 3525
3 14 8661
3 15 8280
3 16 2155
3 17 3195
3 18 1921
3 19 2799
3 20 1822
3 21 4074
3 22 7028
3 23 2492
3 24 2857
3 25 5003
3 26 5508
3 27 5048
3 28 2597
3 29 1827
3 30 1773
3 31 6318
3 32 6633
3 33 1006
3 34 2821
3 35 1750
3 36 3412
3 37 4408
3 38 991
3 39 4060
3 40 6563
3 41 4933
3 42 4578
3 43 1660
3 44 3958
3 45 7061
3 46 3259
3 47 4218
3 48 3638
3 49 7041
3 50 6707
3 51 2852
3 52 8143
3 53 4552
3 54 2116
3 55 5390
3 56 5606
3 57 8853
4 5 6045
4 6 8350
4 7 7624
4 8 4084
4 9 3727
4 10 1622
4 11 4451
4 12 5863
4 13 4452
4 14 6298
4 15 5290
4 16 4269
4 17 6882
4 18 2694
4 19 2900
4 20 2533
4 21 36
4 22 4255
4 23 1922
4 24 6923
4 25 7185
4 26 3202
4 27 5259
4 28 5535
4 29 5792
4 30 5029
4 31 2287
4 32 8236
4 33 5069
4 34 6649
4 35 4461
4 36 6585
4 37 4186
4 38 4383
4 39 7572
4 40 7238
4 41 2676
4 42 1989
4 43 5678
4 44 6836
4 45 9333
4 46 7207
4 47 2514
4 48 5213
4 49 4010
4 50 2743
4 51 1233
4 52 5919
4 53 7812
4 54 2579
4 55 4785
4 56 3475
4 57 6061
5 6 2306
5 7 1818
5 8 10062
5 9 2666
5 10 6150
5 11 1615
5 12 6167
5 13 1595
5 14 6360
5 15 6869
5 16 6708
5 17 7077
5 18 3819
5 19 6819
5 20 4128
5 21 6065
5 22 5777
5 23 4355
5 24 5818
5 25 1380
5 26 8899
5 27 1641
5 28 7098
5 29 5650
5 30 3048
5 31 8050
5 32 2237
5 33 4941
5 34 3996
5 35 6334
5 36 7714
5 37 2282
5 38 3624
5 39 3583
5 40 2065
5 41 8289
5 42 7683
5 43 5407
5 44 2165
5 45 3335
5 46 6621
5 47 3943
5 48 979
5 49 6109
5 50 8577
5 51 5341
5 52 5826
5 53 3213
5 54 3801
5 55 2655
5 56 9105
5 57 7028
6 7 1375
6 8 12349
6 9 4899
6 10 8373
6 11 3904
6 12 7734
6 13 3897
6 14 7825
6 15 8653
6 16 8573
6 17 8305
6 18 6029
6 19 8923
6 20 6327
6 21 8369
6 22 7700
6 23 6622
6 24 6819
6 25 1420
6 26 11149
6 27 3567
6 28 8715
6 29 7033
6 30 4677
6 31 10345
6 32 656
6 33 6502
6 34 4856
6 35 8131
6 36 9137
6 37 4472
6 38 5429
6 39 3788
6 40 2362
6 41 10537
6 42 9949
6 43 6805
6 44 2728
6 45 1123
6 46 7656
6 47 6209
6 48 3179
6 49 8093
6 50 10874
6 51 7606
6 52 7341
6 53 3095
6 54 6037
6 55 4550
6 56 11344
6 57 8645
7 8 11694
7 9 3972
7 10 7895
7 11 3347
7 12 6393
7 13 3283
7 14 6468
7 15 7356
7 16 8521
7 17 8714
7 18 5592
7 19 8621
7 20 5904
7 21 7647
7 22 6464
7 23 6065
7 24 7344
7 25 1907
7 26 10602
7 27 2489
7 28 8866
7 29 7334
7 30 4781
7 31 9463
7 32 818
7 33 6679
7 34 5415
7 35 8137
7 36 9427
7 37 3516
7 38 5415
7 39 4615
7 40 987
7 41 9998
7 42 9370
7 43 7094
7 44 3303
7 45 2448
7 46 8172
7 47 5297
7 48 2795
7 49 6882
7 50 9998
7 51 7045
7 52 5993
7 53 4018
7 54 5555
7 55 3379
7 56 10822
7 57 7307
8 9 7810
8 10 4136
8 11 8449
8 12 9089
8 13 8471
8 14 9512
8 15 8113
8 16 5772
8 17 8616
8 18 6392
8 19 4305
8 20 6128
8 21 4058
8 22 7495
8 23 5734
8 24 9345
8 25 11106
8 26 1519
8 27 9343
8 28 6936
8 29 8124
8 30 8465
8 31 3038
8 32 12280
8 33 7720
8 34 9794
8 35 6259
8 36 7827
8 37 8270
8 38 7675
8 39 10978
8 40 11322
8 41 2044
8 42 2458
8 43 8125
8 44 10535
8 45 13281
8 46 9279
8 47 6562
8 48 9175
8 49 7078
8 50 2692
8 51 4760
8 52 9278
8 53 11371
8 54 6349
8 55 8825
8 56 1548
8 57 8949
9 10 4363
9 11 1519
9 12 4257
9 13 1386
9 14 4578
9 15 4599
9 16 5909
9 17 7355
9 18 2504
9 19 5400
9 20 2776
9 21 3754
9 22 3382
9 23 2561
9 24 6566
9 25 4014
9 26 6851
9 27 1534
9 28 6749
9 29 5896
9 30 3636
9 31 5492
9 32 4661
9 33 5034
9 34 5269
9 35 5730
9 36 7629
9 37 462
9 38 3629
9 39 5514
9 40 3512
9 41 6273
9 42 5606
9 43 5675
9 44 4287
9 45 5977
9 46 7214
9 47 1326
9 48 2200
9 49 3619
9 50 6026
9 51 3420
9 52 4037
9 53 5416
9 54 2356
9 55 1253
9 56 7100
9 57 4972
10 11 4552
10 12 7295
10 13 4612
10 14 7722
10 15 6840
10 16 2666
10 17 5386
10 18 2343
10 19 1301
10 20 2049
10 21 1592
10 22 5734
10 23 1851
10 24 5637
10 25 7064
10 26 2794
10 27 5784
10 28 3952
10 29 4444
10 30 4331
10 31 3521
10 32 8386
10 33 3836
10 34 5735
10 35 2910
10 36 5001
10 37 4773
10 38 3553
10 39 6860
10 40 7705
10 41 2180
10 42 1681
10 43 4372
10 44 6407
10 45 9240
10 46 5806
10 47 3466
10 48 5205
10 49 5545
10 50 3843
10 51 953
10 52 7299
10 53 7236
10 54 2348
10 55 5579
10 56 2973
10 57 7581
11 12 5688
11 13 169
11 14 5974
11 15 6111
11 16 5381
11 17 6282
11 18 2247
11 19 5296
11 20 2561
11 21 4469
11 22 4901
11 23 2741
11 24 5294
11 25 2759
11 26 7286
11 27 1685
11 28 5973
11 29 4806
11 30 2306
11 31 6523
11 32 3848
11 33 3986
11 34 3821
11 35 5078
11 36 6730
11 37 1379
11 38 2550
11 39 3995
11 40 3281
11 41 6678
11 42 6068
11 43 4569
11 44 2792
11 45 4884
11 46 6010
11 47 2558
11 48 786
11 49 5134
11 50 7042
11 51 3727
11 52 5426
11 53 3915
11 54 2208
11 55 2258
11 56 7496
11 57 6448
12 13 5528
12 14 435
12 15 1289
12 16 9579
12 17 11482
12 18 6392
12 19 8578
12 20 6568
12 21 5900
12 22 1632
12 23 6044
12 24 10808
12 25 7482
12 26 8800
12 27 4528
12 28 10636
12 29 10059
12 30 7893
12 31 6065
12 32 7208
12 33 9192
12 34 9504
12 35 9545
12 36 11605
12 37 4309
12 38 7840
12 39 9583
12 40 5445
12 41 8394
12 42 7736
12 43 9851
12 44 8230
12 45 8837
12 46 11424
12 47 4116
12 48 6186
12 49 2010
12 50 6490
12 51 6438
12 52 424
12 53 9339
12 54 6203
12 55 3551
12 56 9097
12 57 917
13 14 5811
13 15 5967
13 16 5511
13 17 6447
13 18 2329
13 19 5389
13 20 2645
13 21 4471
13 22 4763
13 23 2785
13 24 5464
13 25 2797
13 26 7329
13 27 1527
13 28 6122
13 29 4971
13 30 2476
13 31 6491
13 32 3812
13 33 4149
13 34 3985
13 35 5217
13 36 6887
13 37 1219
13 38 2711
13 39 4133
13 40 3173
13 41 6723
13 42 6105
13 43 4735
13 44 2906
13 45 4897
13 46 6179
13 47 2480
13 48 851
13 49 5005
13 50 7014
13 51 3769
13 52 5263
13 53 4032
13 54 2278
13 55 2089
13 56 7544
13 57 6294
14 15 1592
14 16 9986
14 17 11849
14 18 6772
14 19 9002
14 20 6957
14 21 6334
14 22 2068
14 23 6445
14 24 11142
14 25 7649
14 26 9235
14 27 4733
14 28 11030
14 29 10418
14 30 8209
14 31 6484
14 32 7277
14 33 9550
14 34 9796
14 35 9943
14 36 11992
14 37 4597
14 38 8184
14 39 9825
14 40 5502
14 41 8830
14 42 8172
14 43 10206
14 44 8455
14 45 8916
14 46 11772
14 47 4511
14 48 6438
14 49 2437
14 50 6901
14 51 6859
14 52 548
14 53 9554
14 54 6585
14 55 3789
14 56 9532
14 57 996
15 16 9305
15 17 11461
15 18 6359
15 19 8141
15 20 6480
15 21 5326
15 22 1261
15 23 5874
15 24 10957
15 25 8232
15 26 7988
15 27 5241
15 28 10451
15 29 10096
15 30 8159
15 31 5075
15 32 8173
15 33 9237
15 34 9845
15 35 9345
15 36 11460
15 37 4774
15 38 7975
15 39 10098
15 40 6453
15 41 7642
15 42 7019
15 43 9905
15 44 8811
15 45 9772
15 46 11505
15 47 4073
15 48 6718
15 49 1298
15 50 5451
15 51 6074
15 52 1679
15 53 9939
15 54 6164
15 55 4216
15 56 8287
15 57 836
16 17 2888
16 18 3404
16 19 1598
16 20 3140
16 21 4242
16 22 8122
16 23 3548
16 24 3627
16 25 7155
16 26 4254
16 27 6987
16 28 1302
16 29 2439
16 30 3907
16 31 6098
16 32 8787
16 33 2328
16 34 4556
16 35 544
16 36 2343
16 37 6194
16 38 3146
16 39 5931
16 40 8639
16 41 3805
16 42 3746
16 43 2502
16 44 6057
16 45 9188
16 46 3507
16 47 5490
16 48 5744
16 49 8010
16 50 6343
16 51 3244
16 52 9510
16 53 6518
16 54 3557
16 55 7150
16 56 4248
16 57 9991
17 18 5111
17 19 4477
17 20 4981
17 21 6861
17 22 10214
17 23 5611
17 24 1591
17 25 6957
17 26 7108
17 27 7957
17 28 1686
17 29 1476
17 30 4064
17 31 8900
17 32 8712
17 33 2323
17 34 3476
17 35 2497
17 36 1112
17 37 7484
17 38 3755
17 39 4785
17 40 9143
17 41 6686
17 42 6629
17 43 1713
17 44 5577
17 45 8580
17 46 901
17 47 7411
17 48 6284
17 49 10209
17 50 9184
17 51 5705
17 52 11327
17 53 5513
17 54 5305
17 55 8458
17 56 7073
17 57 12046
18 19 3063
18 20 315
18 21 2698
18 22 5107
18 23 778
18 24 4671
18 25 4730
18 26 5126
18 27 3674
18 28 4292
18 29 3739
18 30 2348
18 31 4971
18 32 6052
18 33 2887
18 34 4024
18 35 3241
18 36 5225
18 37 2802
18 38 1796
18 39 4879
18 40 5491
18 41 4512
18 42 3950
18 43 3555
18 44 4187
18 45 6908
18 46 5158
18 47 2299
18 48 2864
18 49 5127
18 50 5437
18 51 1645
18 52 6264
18 53 5126
18 54 195
18 55 3747
18 56 5315
18 57 6935
19 20 2749
19 21 2868
19 22 7029
19 23 2841
19 24 5046
19 25 7546
19 26 2794
19 27 6715
19 28 2891
19 29 3824
19 30 4488
19 31 4529
19 32 9023
19 33 3434
19 34 5583
19 35 2005
19 36 3914
19 37 5770
19 38 3665
19 39 6858
19 40 8555
19 41 2279
19 42 2151
19 43 3820
19 44 6673
19 45 9687
19 46 5043
19 47 4658
19 48 5843
19 49 6846
19 50 4754
19 51 2154
19 52 8569
19 53 7344
19 54 3143
19 55 6646
19 56 2849
19 57 8880
20 21 2533
20 22 5237
20 23 692
20 24 4638
20 25 5015
20 26 4839
20 27 3981
20 28 4079
20 29 3650
20 30 2498
20 31 4821
20 32 6359
20 33 2817
20 34 4126
20 35 3009
20 36 5036
20 37 3092
20 38 1866
20 39 5050
20 40 5806
20 41 4226
20 42 3677
20 43 3479
20 44 4423
20 45 7192
20 46 5081
20 47 2455
20 48 3169
20 49 5229
20 50 5272
20 51 1413
20 52 6457
20 53 5331
20 54 420
20 55 4026
20 56 5023
20 57 7081
21 22 4291
21 23 1928
21 24 6910
21 25 7200
21 26 3169
21 27 5286
21 28 5510
21 29 5776
21 30 5030
21 31 2289
21 32 8257
21 33 5057
21 34 6646
21 35 4437
21 36 6559
21 37 4213
21 38 4380
21 39 7575
21 40 7265
21 41 2641
21 42 1954
21 43 5664
21 44 6845
21 45 9350
21 46 7190
21 47 2545
21 48 5230
21 49 4046
21 50 2740
21 51 1222
21 52 5956
21 53 7818
21 54 2585
21 55 4816
21 56 3441
21 57 6097
22 23 4647
22 24 9696
22 25 7154
22 26 7168
22 27 4186
22 28 9239
22 29 8841
22 30 6906
22 31 4495
22 32 7272
22 33 7980
22 34 8600
22 35 8136
22 36 10239
22 37 3597
22 38 6714
22 39 8896
22 40 5627
22 41 6761
22 42 6106
22 43 8648
22 44 7639
22 45 8824
22 46 10246
22 47 2815
22 48 5541
22 49 498
22 50 4947
22 51 4918
22 52 1783
22 53 8770
22 54 4912
22 55 3166
22 56 7465
22 57 1869
23 24 5325
23 25 5375
23 26 4545
23 27 3938
23 28 4600
23 29 4315
23 30 3126
23 31 4194
23 32 6589
23 33 3494
23 34 4791
23 35 3502
23 36 5592
23 37 2947
23 38 2543
23 39 5656
23 40 5854
23 41 3937
23 42 3329
23 43 4152
23 44 4927
23 45 7547
23 46 5750
23 47 1941
23 48 3444
23 49 4605
23 50 4663
23 51 986
23 52 5963
23 53 5890
23 54 657
23 55 3805
23 56 4758
23 57 6507
24 25 5518
24 26 7827
24 27 6905
24 28 2801
24 29 1222
24 30 2987
24 31 9116
24 32 7266
24 33 1856
24 34 1963
24 35 3104
24 36 2640
24 37 6607
24 38 2983
24 39 3207
24 40 7865
24 41 7325
24 42 7123
24 43 1265
24 44 4108
24 45 7028
24 46 836
24 47 6892
24 48 5135
24 49 9766
24 50 9473
24 51 5692
24 52 10603
24 53 3941
24 54 4863
24 55 7544
24 56 7848
24 57 11459
25 26 9855
25 27 2991
25 28 7303
25 29 5647
25 30 3256
25 31 9282
25 32 1754
25 33 5090
25 34 3563
25 35 6711
25 36 7753
25 37 3651
25 38 4013
25 39 2709
25 40 2681
25 41 9241
25 42 8677
25 43 5414
25 44 1419
25 45 2177
25 46 6353
25 47 5251
25 48 1978
25 49 7489
25 50 9802
25 51 6346
25 52 7125
25 53 2145
25 54 4759
25 55 4015
25 56 10037
25 57 8360
26 27 8357
26 28 5434
26 29 6607
26 30 7067
26 31 3122
26 32 11134
26 33 6222
26 34 8327
26 35 4739
26 36 6348
26 37 7298
26 38 6262
26 39 9546
26 40 10324
26 41 613
26 42 1245
26 43 6612
26 44 9185
26 45 12032
26 46 7762
26 47 5705
26 48 7972
26 49 6818
26 50 3022
26 51 3560
26 52 8925
26 53 9972
26 54 5112
26 55 7968
26 56 298
26 57 8815
27 28 7644
27 29 6483
27 30 3933
27 31 6991
27 32 3232
27 33 5670
27 34 5277
27 35 6719
27 36 8415
27 37 1073
27 38 4235
27 39 5117
27 40 1979
27 41 7771
27 42 7112
27 43 6244
27 44 3728
27 45 4683
27 46 7650
27 47 2837
27 48 1813
27 49 4551
27 50 7526
27 51 4865
27 52 4195
27 53 4820
27 54 3575
27 55 1026
27 56 8599
27 57 5386
28 29 1836
28 30 4090
28 31 7401
28 32 9018
28 33 2213
28 34 4214
28 35 1107
28 36 1049
28 37 6974
28 38 3485
28 39 5620
28 40 9120
28 41 5033
28 42 5027
28 43 2012
28 44 6051
28 45 9186
28 46 2448
28 47 6520
28 48 6186
28 49 9164
28 50 7643
28 51 4451
28 52 10535
28 53 6288
28 54 4469
28 55 7952
28 56 5391
28 57 11104
29 30 2612
29 31 7945
29 32 7392
29 33 867
29 34 2385
29 35 1904
29 36 2106
29 37 6013
29 38 2281
29 39 3788
29 40 7713
29 41 6103
29 42 5904
29 43 243
29 44 4321
29 45 7423
29 46 1436
29 47 6026
29 48 4827
29 49 8865
29 50 8287
29 51 4569
29 52 9891
29 53 4467
29 54 3934
29 55 6985
29 56 6633
29 57 10652
30 31 7314
30 32 4937
30 33 1899
30 34 1732
30 35 3454
30 36 4666
30 37 3635
30 38 823
30 39 2557
30 40 5106
30 41 6466
30 42 6012
30 43 2369
30 44 2193
30 45 5288
30 46 3716
30 47 4190
30 48 2219
30 49 7044
30 50 7770
30 51 3893
30 52 7665
30 53 2907
30 54 2493
30 55 4560
30 56 7200
30 57 8594
31 32 10149
31 33 7278
31 34 8935
31 35 6409
31 36 8436
31 37 5947
31 38 6669
31 39 9850
31 40 8924
31 41 2974
31 42 2564
31 43 7855
31 44 9060
31 45 11382
31 46 9324
31 47 4166
31 48 7306
31 49 4059
31 50 535
31 51 3487
31 52 6273
31 53 10066
31 54 4845
31 55 6283
31 56 3408
31 57 5912
32 33 6807
32 34 5306
32 35 8370
32 36 9498
32 37 4214
32 38 5644
32 39 4329
32 40 1778
32 41 10525
32 42 9916
32 43 7158
32 44 3158
32 45 1642
32 46 8102
32 47 5986
32 48 3191
32 49 7684
32 50 10682
32 51 7575
32 52 6807
32 53 3663
32 54 6038
32 55 4163
32 56 11342
32 57 8123
33 34 2229
33 35 1797
33 36 2779
33 37 5162
33 38 1439
33 39 3603
33 40 6990
33 41 5677
33 42 5397
33 43 668
33 44 3855
33 45 6999
33 46 2271
33 47 5165
33 48 4071
33 49 8013
33 50 7649
33 51 3837
33 52 9023
33 53 4207
33 54 3082
33 55 6137
33 56 6284
33 57 9787
34 35 4019
34 36 4400
34 37 5199
34 38 2265
34 39 1406
34 40 5997
34 41 7755
34 42 7389
34 43 2202
34 44 2148
34 45 5107
34 46 2800
34 47 5916
34 48 3463
34 49 8757
34 50 9368
34 51 5460
34 52 9248
34 53 2084
34 54 4185
34 55 6054
34 56 8417
34 57 10242
35 36 2139
35 37 5983
35 38 2728
35 39 5401
35 40 8303
35 41 4265
35 42 4149
35 43 1959
35 44 5574
35 45 8713
35 46 3039
35 47 5432
35 48 5384
35 49 8058
35 50 6686
35 51 3352
35 52 9452
35 53 5999
35 54 3411
35 55 6954
35 56 4749
35 57 10002
36 37 7820
36 38 4185
36 39 5764
36 40 9768
36 41 5988
36 42 6028
36 43 2340
36 44 6418
36 45 9495
36 46 2013
36 47 7490
36 48 6850
36 49 10179
36 50 8667
36 51 5491
36 52 11488
36 53 6476
36 54 5409
36 55 8801
36 56 6279
36 57 12099
37 38 3732
37 39 5327
37 40 3052
37 41 6716
37 42 6053
37 43 5785
37 44 4043
37 45 5562
37 46 7289
37 47 1782
37 48 1946
37 49 3881
37 50 6482
37 51 3839
37 52 4050
37 53 5173
37 54 2672
37 55 981
37 56 7544
37 57 5077
38 39 3307
38 40 5635
38 41 5665
38 42 5231
38 43 2053
38 44 3014
38 45 6087
38 46 3588
38 47 3918
38 48 2701
38 49 6796
38 50 7105
38 51 3199
38 52 7650
38 53 3711
38 54 1973
38 55 4703
38 56 6389
38 57 8477
39 40 5361
39 41 8957
39 42 8538
39 43 3609
39 44 1420
39 45 3842
39 46 4020
39 47 6414
39 48 3399
39 49 9124
39 50 10315
39 51 6450
39 52 9280
39 53 739
39 54 5007
39 55 6037
39 56 9657
39 57 10390
40 41 9733
40 42 9080
40 43 7470
40 44 3979
40 45 3421
40 46 8675
40 47 4799
40 48 2934
40 49 6067
40 50 9459
40 51 6806
40 52 5039
40 53 4827
40 54 5422
40 55 2677
40 56 10561
40 57 6362
41 42 687
41 43 6094
41 44 8577
41 45 11418
41 46 7302
41 47 5155
41 48 7360
41 49 6436
41 50 2980
41 51 2953
41 52 8497
41 53 9373
41 54 4499
41 55 7408
41 56 828
41 57 8459
42 43 5869
42 44 8077
42 45 10854
42 46 7177
42 47 4472
42 48 6770
42 49 5794
42 50 2683
42 51 2343
42 52 7830
42 53 8917
42 54 3919
42 55 6729
42 56 1498
42 57 7829
43 44 4098
43 45 7209
43 46 1603
43 47 5833
43 48 4585
43 49 8681
43 50 8209
43 51 4450
43 52 9677
43 53 4276
43 54 3750
43 55 6755
43 56 6649
43 57 10452
44 45 3145
44 46 4945
44 47 5325
44 48 2098
44 49 7904
44 50 9554
44 51 5829
44 52 7913
44 53 1130
44 54 4271
44 55 4679
44 56 9336
44 57 9058
45 46 7852
45 47 7274
45 48 4121
45 49 9216
45 50 11907
45 51 8521
45 52 8439
45 53 3103
45 54 6936
45 55 5672
45 56 12213
45 57 9750
46 47 7431
46 48 5904
46 49 10284
46 50 9645
46 51 5992
46 52 11238
46 53 4757
46 54 5353
46 55 8243
46 56 7751
46 57 12042
47 48 3331
47 49 2878
47 50 4700
47 51 2523
47 52 4023
47 53 6430
47 54 2106
47 55 2271
47 56 5970
47 57 4635
48 49 5809
48 50 7824
48 51 4427
48 52 5891
48 53 3228
48 54 2861
48 55 2650
48 56 8171
48 57 6991
49 50 4496
49 51 4776
49 52 2219
49 53 9034
49 54 4931
49 55 3544
49 56 7116
49 57 2051
50 51 3908
50 52 6715
50 53 10548
50 54 5318
50 55 6816
50 56 3290
50 57 6285
51 52 6418
51 53 6744
51 54 1589
51 55 4628
51 56 3776
51 57 6782
52 53 9014
52 54 6079
52 55 3243
52 56 9220
52 57 1333
53 54 5233
53 55 5790
53 56 10100
53 57 10175
54 55 3605
54 56 5310
54 57 6741
55 56 8228
55 57 4387
56 57 9113
